10|1999.99
22|1799.99
4|1799.99
47|1099.99
32|999.99
31|899.99
48|799.99
11|799.99
45|599.99
38|599.99
46|549.99
5|499.99
9|499.99
43|449.99
44|399.99
6|399.99
41|399.99
17|399.99
8|399.99
49|399.99
16|349.99
7|329.99
54|299.99
35|299.99
2|299.99
20|249.99
58|241.0
25|229.99
24|229.99
51|219.99
53|199.99
13|199.99
3|199.99
39|199.99
29|199.99
57|189.99
19|189.99
18|189.99
12|179.99
42|179.99
52|170.0
34|169.99
33|169.99
56|159.99
21|139.99
30|139.99
50|130.0
15|100.0
59|100.0
26|90.0
27|90.0
55|85.0
37|51.99
40|24.99
36|24.99
